,,,,,,,,,,,,,,,,,,,,,,,
graphics/≥Û¿Â(∫Ω).bmp,600,,,,,,,,,,,,,,,,,,,,,,
24,24,24,24,24,24,24,24,24,24,24,24,24,24,24,24,24,24,24,24,24,24,24,24
24,24,24,24,24,24,24,24,24,24,24,24,24,24,24,24,24,24,24,24,24,24,24,24
24,24,24,24,24,24,24,24,24,24,24,24,24,24,24,24,24,24,24,24,24,24,24,24
24,24,24,24,24,24,24,24,24,24,24,24,24,24,24,24,24,24,24,24,24,24,24,24
24,24,24,24,24,24,24,24,24,24,24,24,24,24,24,24,24,24,24,24,24,24,24,24
24,24,24,24,24,24,24,24,24,24,24,24,24,24,24,24,24,24,24,24,24,24,24,24
24,24,24,24,24,24,24,24,24,24,24,24,24,24,24,24,24,24,24,24,24,24,24,24
24,24,24,24,24,24,24,24,-1,-1,-1,-1,-1,-1,-1,-1,-1,24,24,24,24,24,24,24
24,24,24,24,24,24,24,24,-1,-1,-1,-1,-1,-1,-1,-1,-1,24,24,24,24,24,24,48
49,51,24,24,24,24,24,24,-1,-1,-1,-1,-1,-1,-1,-1,-1,24,24,24,24,24,48,25
25,25,51,24,24,24,24,24,-1,-1,-1,-1,-1,-1,-1,-1,-1,24,24,24,24,48,25,25
25,25,25,51,24,24,24,24,-1,-1,-1,-1,-1,-1,-1,-1,-1,24,24,24,48,25,25,25
25,25,25,25,51,24,24,24,-1,-1,-1,-1,-1,-1,-1,-1,-1,24,24,48,25,25,25,25
25,25,25,25,25,28,29,53,28,29,28,29,29,53,28,29,29,53,53,25,25,25,25,25
25,25,25,25,25,25,25,25,25,25,25,25,25,25,25,25,25,25,25,25,25,25,25,25
25,25,25,25,25,25,25,25,25,25,25,25,25,25,25,25,25,25,25,25,25,25,25,25
25,25,25,25,25,25,25,25,25,25,25,25,25,25,25,25,25,25,25,25,25,25,25,25
25,25,25,25,25,25,25,25,25,25,25,25,25,25,25,25,25,25,25,25,25,25,25,25
25,25,25,25,25,25,25,25,25,25,25,25,25,25,25,25,25,25,25,25,25,25,25,25
25,25,25,25,25,25,25,25,25,25,25,25,25,25,25,25,25,25,25,8,9,9,9,10
25,25,25,25,25,25,25,25,25,25,25,25,25,25,25,25,25,25,25,32,153,153,153,34
25,25,25,25,25,25,25,25,25,25,25,25,25,25,25,25,25,25,25,32,153,153,153,34
25,25,25,25,25,25,25,25,25,25,25,25,25,25,25,25,25,25,25,56,153,153,153,58
25,25,25,25,25,25,25,25,25,25,25,25,25,25,25,25,25,25,25,56,153,153,153,58
25,25,25,25,25,25,25,25,25,25,25,25,25,25,25,25,25,25,25,80,81,81,81,82
